2
3
7
5
13
11
19
17
23
31
29
37
43
41
47
53
61
59
67
73
71
79
83
89
97
103
101
109
107
113
127
131
139
137
151
149
157
163
167
173
181
179
193
191
199
197
211
223
229
227
233
241
239
251
257
263
271
269
277
283
281
293
307
313
311
317
331
337
349
347
353
359
367
373
379
383
389
397
401
409
421
419
433
431
439
443
449
457
463
461
467
479
487
491
499
503
509
523
521
541
547
557
563
571
569
577
587
593
601
599
607
613
619
617
631
643
641
647
653
661
659
673
677
683
691
701
709
719
727
733
739
743
751
757
761
769
773
787
797
811
809
823
821
829
827
839
853
859
857
863
877
883
881
887
907
911
919
929
937
941
947
953
967
971
977
983
991
997
1009
1013
1021
1019
1033
1031
1039
1051
1049
1063
1061
1069
1087
1093
1091
1097
1103
1109
1117
1123
1129
1153
1151
1163
1171
1181
1187
1193
1201
1213
1217
1223
1231
1229
1237
1249
1259
1279
1277
1283
1291
1289
1297
1303
1301
1307
1321
1319
1327
1361
1367
1373
1381
1399
1409
1423
1429
1427
1433
1439
1447
1453
1451
1459
1471
1483
1481
1489
1487
1493
1499
1511
1523
1531
1543
1549
1553
1559
1567
1571
1579
1583
1597
1601
1609
1607
1613
1621
1619
1627
1637
1657
1663
1669
1667
1693
1699
1697
1709
1723
1721
1733
1741
1747
1753
1759
1777
1783
1789
1787
1801
1811
1823
1831
1847
1861
1867
1873
1871
1879
1877
1889
1901
1907
1913
1933
1931
1951
1949
1973
1979
1987
1993
1999
1997
2003
2011
2017
2029
2027
2039
2053
2063
2069
2083
2081
2089
2087
2099
2113
2111
2131
2129
2137
2143
2141
2153
2161
2179
2203
2207
2213
2221
2239
2237
2243
2251
2269
2267
2273
2281
2287
2293
2297
2311
2309
2333
2341
2339
2347
2351
2357
2371
2377
2383
2381
2389
2393
2399
2411
2417
2423
2437
2441
2447
2459
2467
2473
2477
2503
2521
2531
2539
2543
2551
2549
2557
2579
2593
2591
2609
2617
2621
2633
2647
2659
2657
2663
2671
2677
2683
2689
2687
2693
2699
2707
2713
2711
2719
2731
2729
2741
2749
2753
2767
2777
2791
2789
2797
2803
2801
2819
2833
2837
2843
2851
2857
2861
2879
2887
2897
2903
2909
2917
2927
2939
2953
2957
2963
2971
2969
3001
2999
3011
3019
3023
3037
3041
3049
3061
3067
3079
3083
3089
3109
3121
3119
3137
3163
3169
3167
3181
3187
3191
3203
3209
3217
3221
3229
3253
3251
3259
3257
3271
3301
3299
3307
3313
3319
3323
3331
3329
3343
3347
3361
3359
3373
3371
3391
3389
3407
3413
3433
3449
3457
3463
3461
3469
3467
3491
3499
3511
3517
3529
3527
3533
3541
3539
3547
3559
3557
3571
3583
3581
3593
3607
3613
3617
3623
3631
3637
3643
3659
3673
3671
3677
3691
3697
3701
3709
3719
3727
3733
3739
3761
3769
3767
3779
3793
3797
3803
3823
3821
3833
3847
3853
3851
3863
3877
3881
3889
3907
3911
3919
3917
3923
3931
3929
3943
3947
3967
3989
4003
4001
4007
4013
4021
4019
4027
4051
4049
4057
4073
4079
4093
4091
4099
4111
4129
4127
4133
4139
4153
4159
4157
4177
4201
4211
4219
4217
4231
4229
4243
4241
4253
4261
4259
4273
4271
4283
4289
4297
4327
4339
4337
4349
4357
4363
4373
4391
4397
4409
4423
4421
4441
4447
4451
4457
4463
4483
4481
4493
4507
4513
4519
4517
4523
4549
4547
4561
4567
4583
4591
4597
4603
4621
4639
4637
4643
4651
4649
4657
4663
4673
4679
4691
4703
4723
4721
4729
4733
4751
4759
4783
4789
4787
4793
4801
4799
4813
4817
4831
4861
4871
4877
4889
4903
4909
4919
4933
4931
4937
4943
4951
4957
4969
4967
4973
4987
4993
4999
5003
5011
5009
5023
5021
5039
5051
5059
5077
5081
5087
5101
5099
5107
5113
5119
5147
5153
5167
5171
5179
5189
5197
5209
5227
5233
5231
5237
5261
5273
5281
5279
5297
5303
5309
5323
5333
5347
5351
5381
5387
5393
5399
5407
5413
5419
5417
5431
5437
5443
5441
5449
5471
5479
5477
5483
5503
5501
5507
5521
5519
5527
5531
5557
5563
5569
5573
5581
5591
5623
5641
5639
5647
5653
5651
5659
5657
5669
5683
5689
5693
5701
5711
5717
5737
5743
5741
5749
5779
5783
5791
5801
5807
5813
5821
5827
5839
5843
5851
5849
5857
5861
5869
5867
5881
5879
5897
5903
5923
5927
5939
5953
5981
5987
6007
6011
6029
6037
6043
6047
6053
6067
6073
6079
6091
6089
6101
6113
6121
6133
6131
6143
6151
6163
6173
6199
6197
6203
6211
6217
6221
6229
6247
6257
6263
6271
6269
6277
6287
6301
6299
6311
6317
6323
6329
6337
6343
6353
6361
6359
6367
6373
6379
6389
6397
6421
6427
6451
6449
6469
6473
6481
6491
6521
6529
6547
6553
6551
6563
6571
6569
6577
6581
6599
6607
6619
6637
6653
6661
6659
6673
6679
6691
6689
6703
6701
6709
6719
6733
6737
6763
6761
6781
6779
6793
6791
6803
6823
6829
6827
6833
6841
6857
6863
6871
6869
6883
6899
6907
6911
6917
6949
6947
6961
6959
6967
6971
6977
6983
6991
6997
7001
7013
7019
7027
7039
7043
7057
7069
7079
7103
7109
7121
7129
7127
7151
7159
7177
7187
7193
7207
7213
7211
7219
7229
7237
7243
7247
7253
7283
7297
7309
7307
7321
7333
7331
7351
7349
7369
7393
7411
7417
7433
7451
7459
7457
7477
7481
7489
7487
7499
7507
7517
7523
7529
7537
7541
7549
7547
7561
7559
7573
7577
7583
7591
7589
7603
7607
7621
7639
7643
7649
7669
7673
7681
7687
7691
7699
7703
7717
7723
7727
7741
7753
7759
7757
7789
7793
7817
7823
7829
7841
7853
7867
7873
7879
7877
7883
7901
7907
7919
